  self._set_arrayXarray_sparse(i, j, x)
Root mean square absolute error of λ1:
 [[2.55812242 2.32827103 2.08964256 1.83842541 1.57114913]
 [2.52035966 2.29100537 2.05273233 1.80194738 1.53512062]
 [2.51757965 2.28826613 2.0500074  1.79921989 1.53245642]
 [2.51995643 2.29047111 2.05211152 1.80123529 1.53430625]]
Root mean square absolute error of λ2: 
 [[2.5550796  2.3227658  2.08174448 1.82808576 1.55898728]
 [2.51728064 2.28546374 2.04486455 1.79157843 1.52286358]
 [2.51455074 2.28269906 2.04208834 1.7888474  1.52022978]
 [2.51694239 2.28493283 2.04426073 1.7908851  1.52211849]]
Root mean square absolute error of λ: 
 [[2.55660076 2.32551757 2.08569167 1.83325196 1.56506194]
 [2.51881991 2.28823368 2.04879665 1.79675938 1.52898567]
 [2.51606494 2.28548171 2.04604607 1.79403001 1.5263367 ]
 [2.51844914 2.28770103 2.04818432 1.79605654 1.5282059 ]]
hplot [ 8 16 32 64]
